centers:
  spawn:
    world: faction_spawn
    x: 10.413952231549292
    y: 79.0
    z: 12.07659292745797
    yaw: -177.19133
    pitch: 71.74944
