hub:
  world: hub
  x: -3.4931852878587373
  y: 65.0
  z: 0.4500563575572429
  yaw: 89.03413
  pitch: -0.7473
