centers:
  spawn:
    world: faction_spawn
    x: 10.450953506357438
    y: 79.0
    z: 12.5055619863474
    yaw: -2.3878784
    pitch: 87.842354
