298dceae-c320-41d3-b36b-a420dffcf532:
  world: faction_spawn
  x: 3.692425915548666
  y: 90.91199334078051
  z: 37.33290133694398
  yaw: 15.644867
  pitch: 28.997894
