298dceae-c320-41d3-b36b-a420dffcf532:
  world: faction_spawn
  x: -74.50432911368435
  y: 64.78300482041811
  z: 446.6835549238264
  yaw: -22.593628
  pitch: 24.313389
