298dceae-c320-41d3-b36b-a420dffcf532:
  world: faction_spawn
  x: 946.7839792255011
  y: 164.12711042234196
  z: 2249.0226249132506
  yaw: -88.985886
  pitch: 37.13828
