298dceae-c320-41d3-b36b-a420dffcf532:
  world: faction_spawn
  x: -2293.997186646297
  y: 214.55858106898634
  z: 2280.971563323224
  yaw: -73.10034
  pitch: 40.86712
