298dceae-c320-41d3-b36b-a420dffcf532:
  world: faction_spawn
  x: 2406.7243812473707
  y: 90.56221938542163
  z: -1554.1650012423952
  yaw: 124.64746
  pitch: 56.66743
